4294967278,47
4294967279,47
4294967279,33
4294967279,32
4294967279,31
4294967279,26
4294967279,23
4294967279,19
4294967279,17
4294967279,12
4294967279,245
4294967278,243
4294967279,242
4294967279,239
4294967279,237
4294967278,237
4294967294,1416
4294967278,236
4294967294,40
4294967294,1419
4294967294,1418
4294967294,472
4294967279,227
4294967279,228
4294967278,227
93,5
4294967279,219
93,4
93,3
93,2
93,1
4294967278,217
4294967279,515
91,4
4294967278,209
91,3
91,2
91,1
4294967294,387
4294967294,388
4294967279,207
4294967278,328
4294967279,206
90,6
4294967278,365
4294967279,512
4294967279,552
90,5
90,4
4294967278,200
90,3
90,2
90,1
4294967279,198
4294967279,551
4294967278,364
4294967278,324
89,5
89,4
4294967279,194
89,3
89,2
89,1
4294967279,193
4294967278,362
4294967279,316
4294967279,315
88,5
88,4
4294967278,186
88,3
88,2
88,1
4294967279,184
4294967279,548
4294967278,387
4294967278,319
87,5
4294967278,180
87,4
87,3
87,2
87,1
4294967279,547
4294967279,176
86,4
4294967278,175
86,3
86,2
86,1
4294967279,175
4294967294,393
4294967278,173
4294967294,903
4294967294,904
4294967294,919
4294967294,455
4294967294,418
4294967294,464
4294967294,437
4294967294,389
4294967294,390
4294967294,424
4294967294,114
4294967278,386
4294967294,107
4294967294,91
4294967294,90
4294967294,87
4294967294,86
4294967294,84
4294967294,44
4294967294,8
4294967279,305
4294967278,309
4294967278,163
4294967294,42
4294967294,99
4294967294,76
4294967294,417
4294967294,52
4294967294,946
4294967294,82
4294967294,83
4294967278,132
4294967278,131
4294967278,130
4294967278,129
4294967278,120
4294967278,119
4294967278,118
4294967278,117
4294967278,116
4294967278,115
4294967278,114
4294967278,334
4294967278,113
4294967278,112
4294967278,111
4294967278,110
4294967278,109
4294967278,108
4294967278,107
4294967278,106
4294967278,105
4294967278,104
4294967278,103
4294967278,102
4294967278,101
4294967278,100
4294967278,99
4294967278,98
4294967278,97
4294967278,96
4294967278,95
4294967278,94
4294967278,93
4294967278,92
4294967278,91
4294967278,90
4294967278,325
4294967278,89
4294967278,87
4294967278,86
4294967278,85
4294967278,84
4294967278,83
4294967278,82
4294967278,81
4294967278,80
4294967278,79
4294967278,78
4294967278,77
4294967278,76
4294967278,75
4294967278,320
4294967278,74
4294967278,73
4294967278,72
4294967278,71
4294967278,70
4294967278,69
4294967278,68
4294967278,67
4294967278,66
4294967278,65
4294967278,64
4294967278,63
4294967278,62
4294967278,61
4294967278,60
4294967278,59
4294967278,58
4294967278,315
4294967278,57
4294967278,56
4294967278,55
4294967278,54
4294967279,67
4294967279,66
4294967279,64
4294967279,62
4294967279,59
4294967279,56
4294967279,51
4294967279,46
4294967279,44
4294967279,43
4294967279,42
4294967279,41
4294967279,37
4294967279,35
4294967279,34
4294967279,25
4294967279,20
4294967279,14
4294967279,13
4294967279,9
4294967279,6
4294967279,5
4294967279,4
4294967279,162
4294967279,540
4294967278,353
4294967279,48
4294967278,352
4294967278,385
4294967278,346
4294967279,156
85,5
85,4
85,3
85,2
85,1
4294967279,538
4294967278,152
4294967278,293
83,4
83,3
83,2
83,1
4294967279,144
4294967278,348
4294967278,142
82,6
4294967279,29
4294967279,285
4294967278,350
82,5
4294967279,24
82,4
82,3
82,2
82,1
4294967279,556
4294967279,135
4294967279,21
4294967278,289
4294967279,268
4294967278,133
81,5
81,4
81,3
81,2
81,1
4294967278,274
4294967278,272
4294967279,280
4294967278,345
80,5
4294967279,10
80,4
80,3
80,2
80,1
4294967279,275
4294967294,17
4294967294,468
4294967294,469
4294967294,970
4294967278,297
4294967279,8
4294967279,573
4294967279,7
4294967278,279
79,5
79,4
79,3
79,2
79,1
4294967278,384
4294967279,253
4294967278,258
4294967278,257
4294967278,342
78,4
78,3
78,2
78,1
4294967278,0
4294967278,128
0,7
4294967279,525
4294967294,1
4294967294,11
4294967278,127
4294967278,339
4294967294,0
4294967294,392
4294967294,120
4294967279,558
4294967278,126
4294967278,255
4294967279,557
4294967278,125
4294967278,367
4294967294,6
4294967294,409
4294967294,29
4294967294,186
4294967294,391
4294967294,448
4294967294,453
4294967294,463
4294967294,2
4294967294,38
4294967278,124
4294967278,366
4294967278,123
4294967278,336
4294967294,89
4294967294,914
4294967278,122
4294967278,252
4294967278,121
4294967278,251
4294967279,247
4294967279,572
4294967294,68
4294967278,245
4294967279,244
4294967279,241
4294967278,238
4294967294,46
4294967294,67
4294967294,41
4294967294,5
4294967294,81
4294967294,50
4294967294,85
4294967294,470
4294967294,471
4294967279,235
4294967279,571
4294967279,0
4294967278,235
4294967279,233
4294967294,1417
4294967294,45
4294967294,427
4294967294,53
4294967294,950
4294967294,419
4294967294,949
4294967294,921
4294967294,28
4294967294,920
4294967294,27
4294967294,26
4294967294,51
4294967294,25
4294967279,231
4294967279,232
4294967278,231
4294967279,229
4294967279,225
4294967294,94
4294967294,96
77,5
4294967279,223
77,4
77,3
77,2
77,1
4294967278,221
4294967279,221
4294967294,43
4294967294,22
4294967294,1414
4294967279,217
4294967294,93
4294967294,95
4294967294,9
0,5
